12392
12512
12500
12618
12464
12337
12184
12261
12341
12482
12391
12345
12548
12014
12339
11857
12342
12234
12426
12284
12342
12478
12202
12314
12089
12385
12638
11875
12392
12553
12240
12225
12290
12505
12328
12386
12101
12094
12552
12220
12248
12318
12229
12590
12254
12329
12230
12501
12346
12199
12307
12264
12463
12186
12392
12735
12402
12523
12525
12406
11771
12204
12380
12486
12467
12593
12477
11930
12557
12512
12140
12430
12581
12479
12689
11903
12136
12422
12415
12443
12512
12298
12500
12366
12399
12375
12450
12163
12208
12355
12554
12449
12596
12381
12140
12231
12733
12489
12406
12108
